
								排名
								
								医院
								
								专科声誉
								
								科研学术
								
								总得分
							 
								1
								
								北京协和医院
								
								80.000 
								
								14.032 
								
								94.032 
							 
								2
								
								四川大学华西医院
								
								68.257 
								
								20.000 
								
								88.257 
							 
								3
								
								中国人民解放军总医院
								
								56.443 
								
								13.788 
								
								70.231 
							 
								4
								
								上海交通大学医学院附属瑞金医院
								
								38.985 
								
								12.070 
								
								51.055 
							 
								5
								
								第四军医大学西京医院
								
								35.993 
								
								12.428 
								
								48.421 
							 
								6
								
								复旦大学附属中山医院
								
								32.537 
								
								12.691 
								
								45.228 
							 
								7
								
								中山大学附属第一医院
								
								28.935 
								
								12.299 
								
								41.234 
							 
								8
								
								复旦大学附属华山医院
								
								28.215 
								
								10.623 
								
								38.838 
							 
								9
								
								华中科技大学同济医学院附属同济医院
								
								22.559 
								
								11.931 
								
								34.490 
							 
								10
								
								北京大学第一医院
								
								24.697 
								
								9.178 
								
								33.875 
							 
								11
								
								中国医科大学附属第一医院
								
								18.908 
								
								11.965 
								
								30.873 
							 
								12
								
								华中科技大学同济医学院附属协和医院
								
								19.139 
								
								10.448 
								
								29.587 
							 
								13
								
								中南大学湘雅二医院
								
								15.962 
								
								12.195 
								
								28.157 
							 
								14
								
								浙江大学医学院附属第一医院
								
								14.783 
								
								13.058 
								
								27.841 
							 
								15
								
								北京大学第三医院
								
								19.058 
								
								8.477 
								
								27.535 
							 
								16
								
								北京大学人民医院
								
								17.723 
								
								9.015 
								
								26.738 
							 
								17
								
								中南大学湘雅医院
								
								12.260 
								
								12.050 
								
								24.31
							 
								18
								
								上海交通大学医学院附属仁济医院
								
								11.869 
								
								12.364 
								
								24.233 
							 
								19
								
								南方医科大学南方医院
								
								11.784 
								
								11.960 
								
								23.744 
							 
								20
								
								山东大学齐鲁医院
								
								10.821 
								
								12.511 
								
								23.332 
							 
								21
								
								第三军医大学西南医院
								
								13.184 
								
								9.966 
								
								23.150 
							 
								22
								
								浙江大学医学院附属第二医院
								
								12.413 
								
								10.719 
								
								23.132
							 
								23
								
								第二军医大学长海医院
								
								13.423 
								
								9.163 
								
								22.586 
							 
								24
								
								复旦大学附属肿瘤医院
								
								8.175 
								
								12.306 
								
								20.481 
							 
								25
								
								上海交通大学医学院附属第九人民医院
								
								8.553 
								
								11.055 
								
								19.608 
							 
								26
								
								上海市第六人民医院
								
								7.535 
								
								11.564 
								
								19.099 
							 
								27
								
								江苏省人民医院
								
								6.798 
								
								11.702 
								
								18.5
							 
								28
								
								中国医科大学附属盛京医院
								
								8.408 
								
								10.043 
								
								18.451 
							 
								29
								
								南京军区南京总医院
								
								7.490 
								
								10.848 
								
								18.338 
							 
								30
								
								中国医学科学院阜外医院
								
								8.978 
								
								9.116 
								
								18.094 
							 
								31
								
								中国医学科学院肿瘤医院
								
								9.392 
								
								8.405 
								
								17.797 
							 
								32
								
								广东省人民医院
								
								10.919 
								
								6.399 
								
								17.318
							 
								33
								
								第二军医大学长征医院
								
								7.725 
								
								9.267 
								
								16.992
							 
								34
								
								上海交通大学医学院附属新华医院
								
								6.730 
								
								9.981 
								
								16.711
							 
								35
								
								中山大学肿瘤防治中心
								
								5.222 
								
								11.398 
								
								16.620 
							 
								36
								
								郑州大学第一附属医院
								
								4.642 
								
								11.295 
								
								15.937 
							 
								37
								
								首都医科大学附属北京天坛医院
								
								7.236 
								
								8.412 
								
								15.648 
							 
								38
								
								广州医科大学附属第一医院
								
								6.489 
								
								9.145 
								
								15.634 
							 
								39
								
								首都医科大学宣武医院
								
								6.980 
								
								7.809 
								
								14.789 
							 
								40
								
								首都医科大学附属北京安贞医院
								
								6.849 
								
								7.679 
								
								14.528
							 
								41
								
								首都医科大学附属北京同仁医院
								
								7.257 
								
								6.202 
								
								13.459 
							 
								42
								
								复旦大学附属儿科医院
								
								7.898 
								
								5.436 
								
								13.334 
							 
								43
								
								复旦大学附属眼耳鼻喉科医院
								
								7.471 
								
								5.788 
								
								13.259 
							 
								44
								
								中山大学孙逸仙纪念医院
								
								4.375 
								
								8.799 
								
								13.174
							 
								45
								
								中山大学附属第三医院
								
								4.503 
								
								8.480 
								
								12.983 
							 
								46
								
								天津医科大学总医院
								
								4.119 
								
								8.847 
								
								12.966 
							 
								47
								
								苏州大学附属第一医院
								
								2.902 
								
								9.822 
								
								12.724 
							 
								48
								
								山东省立医院
								
								2.411 
								
								10.251 
								
								12.662
							 
								49
								
								天津医科大学肿瘤医院
								
								4.055 
								
								8.593 
								
								12.648 
							 
								50
								
								上海市第一人民医院
								
								3.798 
								
								8.716 
								
								12.514 
							 
								51
								
								吉林大学第一医院
								
								2.475 
								
								9.848 
								
								12.323
							 
								52
								
								中山大学中山眼科中心
								
								4.268 
								
								7.927 
								
								12.195 
							 
								53
								
								东南大学附属中大医院
								
								4.439 
								
								7.710 
								
								12.149 
							 
								54
								
								南京鼓楼医院
								
								3.884 
								
								8.258 
								
								12.142
							 
								55
								
								哈尔滨医科大学附属第二医院
								
								3.830 
								
								8.256 
								
								12.086
							 
								56
								
								首都医科大学附属北京朝阳医院
								
								5.229 
								
								6.845 
								
								12.074 
							 
								57
								
								首都医科大学附属北京儿童医院
								
								7.898 
								
								3.999 
								
								11.897 
							 
								58
								
								北京大学口腔医院
								
								4.268 
								
								7.281 
								
								11.549
							 
								59
								
								西安交通大学医学院第一附属医院
								
								0.453 
								
								11.058 
								
								11.511 
							 
								60
								
								重庆医科大学附属儿童医院
								
								5.976 
								
								5.519 
								
								11.495 
							 
								61
								
								四川大学华西口腔医院
								
								3.628 
								
								7.850 
								
								11.478 
							 
								62
								
								武汉大学人民医院
								
								1.621 
								
								9.540 
								
								11.161 
							 
								63
								
								重庆医科大学附属第一医院
								
								0.758 
								
								9.993 
								
								10.751 
							 
								64
								
								北京大学第六医院
								
								4.268 
								
								6.166 
								
								10.434 
							 
								65
								
								北京积水潭医院
								
								6.617 
								
								3.731 
								
								10.348 
							 
								66
								
								四川大学华西第二医院
								
								4.277 
								
								5.879 
								
								10.156
							 
								67
								
								哈尔滨医科大学附属第一医院
								
								2.274 
								
								7.742 
								
								10.016
							 
								68
								
								中国医学科学院血液学研究所
								
								4.268 
								
								5.586 
								
								9.854 
							 
								69
								
								第三军医大学新桥医院
								
								1.322 
								
								8.350 
								
								9.672 
							 
								70
								
								中日友好医院
								
								4.324 
								
								5.066 
								
								9.39
							 
								71
								
								第四军医大学唐都医院
								
								2.517 
								
								6.819 
								
								9.336 
							 
								72
								
								武汉大学中南医院
								
								1.065 
								
								8.208 
								
								9.273 
							 
								73
								
								上海市肺科医院
								
								3.286 
								
								5.815 
								
								9.101
							 
								74
								
								上海交通大学医学院附属上海儿童医学中心
								
								4.909 
								
								4.104 
								
								9.013 
							 
								75
								
								中国人民解放军总医院第一附属医院（304）
								
								3.201 
								
								5.647 
								
								8.848
							 
								76
								
								北京大学肿瘤医院
								
								2.686 
								
								6.161 
								
								8.847 
							 
								77
								
								浙江大学医学院附属儿童医院
								
								3.841 
								
								4.891 
								
								8.732
							 
								78
								
								复旦大学附属妇产科医院
								
								3.628 
								
								5.072 
								
								8.700 
							 
								79
								
								第三军医大学大坪医院
								
								0.209 
								
								8.442 
								
								8.651 
							 
								80
								
								中国医学科学院整形外科医院
								
								3.628 
								
								4.947 
								
								8.575
							 
								81
								
								青岛大学附属医院
								
								0.899 
								
								7.629 
								
								8.528 
							 
								82
								
								哈尔滨医科大学附属肿瘤医院
								
								2.987 
								
								5.509 
								
								8.496 
							 
								83
								
								沈阳军区总医院
								
								2.440 
								
								6.053 
								
								8.493
							 
								84
								
								第四军医大学口腔医院
								
								2.773 
								
								5.569 
								
								8.342 
							 
								85
								
								重庆医科大学附属第二医院
								
								1.279 
								
								7.041 
								
								8.320 
							 
								86
								
								首都医科大学附属北京友谊医院
								
								2.197 
								
								6.003 
								
								8.200 
							 
								87
								
								安徽医科大学第一附属医院
								
								1.428 
								
								6.696 
								
								8.124 
							 
								88
								
								北京医院
								
								3.982 
								
								4.065 
								
								8.047 
							 
								89
								
								上海市精神卫生中心
								
								3.628 
								
								4.242 
								
								7.870 
							 
								90
								
								上海市胸科医院
								
								3.629 
								
								4.066 
								
								7.695 
							 
								91
								
								西安交通大学医学院第二附属医院
								
								0.335 
								
								7.194 
								
								7.529
							 
								92
								
								武汉大学口腔医院
								
								2.346 
								
								4.997 
								
								7.343 
							 
								93
								
								浙江省肿瘤医院
								
								1.706 
								
								5.428 
								
								7.134 
							 
								94
								
								山东省肿瘤医院暨山东省肿瘤防治研究院
								
								1.919 
								
								5.188 
								
								7.107 
							 
								95
								
								广州市妇女儿童医疗中心
								
								2.773 
								
								4.044 
								
								6.817 
							 
								96
								
								温州医科大学附属眼视光医院
								
								2.346 
								
								4.395 
								
								6.741 
							 
								97
								
								江苏省肿瘤医院
								
								1.386 
								
								4.967 
								
								6.353 
							 
								98
								
								复旦大学附属华东医院
								
								2.773 
								
								3.565 
								
								6.338 
							 
								99
								
								中国医学科学院皮肤病研究所
								
								3.201 
								
								2.942 
								
								6.143
							 
								100
								
								南昌大学第一附属医院
								
								1.492 
								
								4.605 
								
								6.097
							 
								
								
								<U+00A0> 
                            
							